96
24 32 37 79 109 113 187 191 212 215 273 280 294 330 332 358 420 424 501 507 523 542 558 565 570 599 615 624 647 690 717 718 742 772 837 838 851 853 854 892 918 950 961 1027 1051 1052 1057 1063 1078 1091 1103 1135 1158 1165 1232 1258 1280 1310 1313 1333 1334 1354 1361 1406 1421 1466 1478 1480 1496 1499 1552 1558 1578 1581 1590 1602 1644 1647 1659 1670 1675 1692 1714 1765 1783 1784 1807 1838 1889 1893 1918 1921 1925 1965 1983 1999
27
intersection_update 43
1330 1826 1950 933 1749 296 44 139 1801 1825 247 389 1953 242 1778 1463 369 1653 374 69 1633 472 1823 804 1123 761 1201 674 1426 12 301 1406 183 569 675 1452 293 1035 1304 316 1179 1436 1210
symmetric_difference_update 89
647 834 1255 879 1903 1194 1601 1207 1421 1036 156 1064 791 1599 1143 910 362 1313 1069 1 133 1653 1392 760 1042 766 1315 1227 1332 1558 322 151 1581 1109 1677 283 422 1587 28 1196 1436 1216 1902 315 7 1808 619 1355 680 210 275 816 1312 1487 988 1195 55 1536 1507 1233 1561 1490 932 1940 1788 1628 1029 261 1460 1337 1113 865 72 711 249 1689 456 1244 204 1458 1895 614 688 1147 854 1320 1799 1477 1225
intersection_update 13
1947 257 1192 617 1050 216 226 196 1518 94 254 1715 138
difference_update 25
32 470 1834 1348 1619 926 78 1160 123 759 1048 87 212 339 1923 768 1044 377 509 18 23 373 249 1958 1627
symmetric_difference_update 34
421 511 1605 1582 63 1602 103 546 1132 1898 688 893 1919 1222 154 1358 133 33 155 460 672 671 1517 392 455 360 811 249 1121 655 654 514 956 1233
update 1
1989
update 81
15 806 1471 1209 1906 740 1242 565 404 280 376 917 1408 1978 432 1785 1860 107 1011 196 1883 724 750 1025 643 1552 428 373 1198 1639 174 1876 966 79 1012 1229 1951 1655 905 342 1082 1620 567 1386 1534 1246 1578 1452 915 1415 1136 1631 1803 1279 1980 904 268 1968 807 1365 1717 1923 856 767 251 1125 1261 1336 1965 197 436 1953 71 1890 707 1310 978 1138 191 1344 1954
difference_update 10
107 974 746 1371 1579 869 1582 1318 422 1684
intersection_update 90
1329 1131 1551 494 1133 1116 435 523 1623 430 1767 883 386 235 806 1046 365 1868 1098 227 1378 1435 734 1391 228 778 203 1065 1254 1017 1847 218 1954 720 1426 1184 615 478 820 1173 205 1320 48 1372 1501 1433 1359 1560 367 1804 188 760 767 44 1126 926 18 1101 566 1753 1113 217 907 1322 964 768 858 901 1949 658 1951 939 57 1306 1338 91 1245 709 1249 1631 1273 1594 1120 432 245 756 1032 349 1028 570
difference_update 22
290 45 1454 351 1635 1899 168 1636 639 801 1502 1389 743 586 201 102 941 1549 974 1743 1048 1493
symmetric_difference_update 19
1900 1668 1402 631 270 694 236 760 1648 1035 703 203 166 740 498 43 1968 70 610
symmetric_difference_update 66
435 1947 278 1491 1009 899 834 442 1037 1400 1655 119 251 413 1127 586 468 1959 748 1658 241 60 1483 632 255 1786 1978 599 1043 1750 989 464 1551 28 1953 887 1935 422 646 322 1547 1200 1506 1653 1596 1571 585 20 215 610 303 1607 1370 22 678 503 1387 538 1667 191 354 1699 1463 386 848 158
intersection_update 55
364 1279 1851 1317 491 1900 702 1089 733 854 746 584 1096 1785 1693 338 873 1129 427 376 774 1397 1520 793 1327 640 642 405 436 1380 177 623 530 1309 1318 100 638 130 1450 1216 1133 1540 1576 1845 328 423 672 1869 1095 62 1245 1747 1431 1151 606
intersection_update 89
1506 609 530 1670 1796 676 1060 84 1660 1083 1316 484 261 930 1106 602 1305 1834 46 1953 240 1239 1410 395 1065 1114 1258 1297 1645 664 621 1146 1275 255 1631 361 1878 821 990 723 1329 504 19 1043 1003 1632 940 744 1525 883 1042 1165 1430 1884 774 1890 588 1809 777 547 1839 593 1998 1320 245 1164 147 1956 453 1697 803 1428 256 1744 844 1142 1373 1189 118 854 426 1766 1281 165 1616 639 1943 1283 385
symmetric_difference_update 36
760 595 271 437 69 1220 641 1282 627 600 987 488 1832 1369 558 585 1177 1500 402 575 365 260 1526 26 1097 100 679 991 1199 574 1418 25 847 1824 3 1761
update 48
1576 1308 819 1417 1449 1914 1481 783 1275 723 1718 1072 862 156 1171 1895 832 1410 1780 775 100 1731 497 155 745 1083 1936 461 203 1934 1451 1213 1079 710 1977 1834 336 1727 254 259 1978 1116 1153 1188 1956 1918 639 1200
update 81
678 776 664 572 720 1053 1544 841 1519 991 1654 663 1161 1896 183 1512 234 1734 503 242 1828 1851 538 1583 1256 1914 644 289 1040 797 930 1795 1480 1838 1560 1315 1100 1531 448 967 1452 995 600 1623 194 1517 940 414 169 561 1930 777 686 136 1091 1952 1072 1771 638 1844 1857 417 873 639 1595 343 656 509 1373 1735 208 1284 1694 954 953 808 422 626 1467 1271 847
update 90
634 236 1719 215 1305 970 788 1224 268 1445 1935 1158 1159 109 1247 301 458 213 854 1894 1068 906 804 140 169 94 1615 14 775 1882 1050 959 1807 1699 1179 473 153 1404 589 298 1566 348 1830 869 1146 1661 439 1226 22 1764 857 1233 309 1831 891 1809 1043 999 724 927 56 115 1123 987 1589 1519 929 594 659 1494 1541 1334 1522 848 263 830 898 380 199 499 860 1794 293 1010 525 596 231 1828 1624 124
update 63
268 1835 1330 366 213 1371 1549 910 650 261 1783 104 789 1560 421 236 556 1481 475 42 828 854 1993 1194 985 1625 1711 1246 1532 1191 1240 1864 1192 1288 1492 1515 966 351 1723 897 1386 1527 1581 1916 1854 1824 1126 63 775 359 658 429 795 210 654 144 770 1385 175 231 1506 1106 981
symmetric_difference_update 50
1832 902 862 808 796 1954 854 838 1818 9 1337 999 88 1004 1701 400 1858 190 930 1835 64 987 920 1779 781 1744 1321 965 468 655 704 1011 1234 1928 1737 1514 643 1257 1980 1655 1556 178 1489 1659 584 410 381 763 933 1270
difference_update 32
1292 1243 703 615 1898 1813 1397 949 1793 284 1408 633 1325 317 1711 136 1728 62 1543 744 432 1694 95 933 894 1363 28 167 1053 1880 1303 1021
intersection_update 95
346 754 1919 314 786 1506 824 828 669 516 1479 341 316 19 1424 775 1333 596 1906 612 156 1544 1771 1086 1609 1340 259 535 121 60 226 807 1 1228 1359 992 841 434 1351 1606 89 908 1370 1860 1396 648 1022 82 563 1559 1053 47 1908 1163 900 974 1004 677 1920 1858 395 645 1800 77 758 1267 1003 1879 800 860 569 103 1622 479 531 993 23 133 918 809 1828 662 1709 78 129 733 247 1493 1510 906 1852 964 371 848 1354
symmetric_difference_update 18
672 1409 1567 477 766 1970 1059 1013 819 917 1900 324 323 1195 1566 1733 1435 1987
update 37
1926 1921 1312 876 274 647 668 758 1780 1744 1517 1485 601 1979 1567 1563 376 1241 953 388 280 153 1769 1036 1472 113 1289 586 1809 1515 337 1652 1209 1159 1954 1095 1709
difference_update 68
1289 530 1256 797 1866 613 1593 1702 114 858 362 418 1802 1189 672 964 1632 676 778 276 1019 1829 1457 876 1514 1708 271 1430 1055 1944 746 1149 518 694 48 707 1222 1601 1561 867 1401 1617 979 1629 272 159 602 1286 254 1612 987 542 841 247 915 1824 817 942 454 66 1447 875 1475 503 701 767 1671 1678
update 33
1310 1677 748 1117 178 790 973 1542 1055 209 1667 975 579 462 892 146 1956 1548 820 454 1599 1777 645 1246 1950 1809 338 563 978 1469 261 1671 1586
intersection_update 1
403